376
105
365
323
373
173
254
145
148
331
176
253
18
118
310
371
82
215
385
104
44
72
188
299
147
52
109
99
182
288
224
240
209
56
227
252
221
6
80
61
21
255
68
295
235
126
289
394
183
40
175
151
22
36
89
93
178
327
353
136
281
248
167
206
205
135
146
10
131
204
231
185
395
119
8
262
95
322
150
111
242
355
179
378
366
39
165
43
368
66
3
389
256
163
319
383
332
318
64
354
211
388
187
266
144
280
25
177
339
276
268
261
28
304
300
337
13
161
55
46
350
329
279
286
283
333
271
159
311
83
314
390
391
164
186
74
259
140
263
236
325
49
51
191
115
328
290
269
67
98
316
20
200
106
62
198
12
284
75
128
309
184
243
367
17
127
125
48
386
50
334
153
247
210
4
315
213
38
382
190
180
313
241
73
196
71
70
344
24
124
237
141
32
287
218
250
1
392
216
349
228
249
372
377
305
347
307
393
345
292
101
57
303
360
357
222
264
7
100
277
152
298
397
116
69
86
169
172
301
275
77
27
229
273
380
134
16
123
130
189
91
194
258
54
11
181
33
343
96
320
195
85
212
245
14
203
59
197
396
230
2
321
156
302
170
306
133
117
361
214
202
291
192
108
137
352
251
358
168
238
112
384
76
142
174
225
132
26
370
158
103
37
199
65
81
257
234
110
162
193
35
97
308
398
129
326
0
233
120
23
122
31
219
282
239
143
154
338
265
274
381
87
272
79
217
369
19
47
232
312
121
138
207
223
359
324
92
84
149
244
351
58
171
53
278
387
340
113
41
107
336
364
60
5
342
379
201
220
356
114
362
208
399
285
296
157
260
363
160
29
78
34
335
9
375
155
317
226
294
348
330
42
297
270
94
374
267
293
246
30
15
166
88
45
102
63
139
346
90
341
