271
89
318
265
103
298
37
294
130
5
242
46
137
207
283
108
62
322
213
208
49
125
161
26
70
93
346
30
71
200
13
312
220
326
101
133
225
342
12
131
368
353
252
197
240
239
73
392
287
140
147
29
247
192
109
251
80
66
263
206
314
14
158
259
43
38
385
31
303
216
250
165
386
102
218
186
79
68
115
117
300
114
169
22
190
170
23
59
209
179
360
126
277
189
166
136
81
229
56
97
344
191
20
333
17
127
122
76
391
354
174
183
357
320
227
124
35
36
328
221
335
215
309
236
51
317
196
325
268
64
293
311
41
203
231
243
219
329
348
323
246
10
274
308
351
0
269
53
370
123
155
313
244
104
11
54
176
267
285
337
113
380
8
270
388
292
204
39
94
371
92
184
396
171
255
178
110
273
129
40
85
390
61
276
278
319
363
142
149
228
164
297
212
58
151
366
28
82
286
279
336
241
358
24
350
159
202
304
306
95
52
369
112
367
394
99
230
163
378
389
339
154
264
160
74
382
138
211
121
238
198
364
65
157
248
210
132
334
15
305
301
330
295
352
379
284
321
399
381
181
34
77
393
188
120
139
359
345
327
199
141
75
4
55
144
223
222
152
233
83
21
272
100
226
111
6
148
266
60
343
72
50
356
7
172
237
372
349
249
275
332
180
291
289
107
87
331
2
25
261
288
253
118
194
347
45
128
258
262
281
340
162
90
32
338
376
116
88
167
1
143
9
119
16
307
398
224
18
156
98
47
397
168
245
33
260
302
42
3
86
201
27
78
310
315
395
299
355
145
257
182
48
134
296
365
105
232
44
235
175
254
205
383
377
195
84
193
256
19
217
150
187
374
290
282
373
69
57
316
234
341
67
135
91
375
146
153
173
96
214
384
361
362
185
324
63
387
106
280
177
