370
247
235
283
202
24
392
183
20
195
12
118
166
348
395
295
146
285
268
196
69
150
352
15
44
333
233
355
52
353
300
165
29
205
173
397
332
364
304
187
287
124
175
153
386
263
280
266
192
311
296
130
70
189
170
232
13
179
4
316
131
57
236
363
8
145
358
308
339
243
102
261
87
171
256
6
199
377
286
21
78
336
25
59
329
77
367
41
221
144
337
0
81
249
121
193
86
140
180
5
45
168
382
291
167
147
312
257
281
388
293
241
248
390
83
384
60
28
282
368
334
347
136
313
42
297
19
360
317
234
344
343
46
278
177
361
322
191
220
349
138
240
10
23
93
101
51
230
132
325
39
88
328
372
210
305
342
22
350
82
111
301
122
157
125
331
169
284
207
200
351
244
302
253
172
48
110
385
67
36
374
338
162
114
160
56
18
176
242
181
250
255
17
92
108
323
371
123
269
219
120
89
354
258
212
103
327
47
128
73
76
341
226
239
26
137
222
310
251
223
188
259
2
369
115
290
34
204
356
53
66
64
31
218
158
262
359
61
227
292
208
270
245
107
74
319
71
72
95
63
94
224
85
380
99
340
149
116
155
186
289
275
381
365
106
16
55
398
62
276
141
159
389
366
68
303
228
100
197
156
396
307
161
1
127
184
49
154
206
373
238
264
182
213
178
148
309
399
318
271
320
265
152
315
50
126
119
324
90
143
330
203
391
246
198
209
376
98
164
357
135
375
43
190
335
260
91
35
151
383
252
37
142
7
393
306
139
65
9
214
215
84
11
134
362
194
229
163
30
129
298
109
201
112
27
216
288
378
294
211
321
279
79
96
254
217
3
379
387
113
54
267
80
33
346
273
40
117
58
97
345
133
105
14
75
231
274
299
314
225
32
174
104
38
277
185
272
237
394
326
