236
264
82
248
302
216
161
225
387
48
308
318
372
279
156
51
224
339
234
196
167
27
388
157
120
117
160
253
134
103
232
133
64
322
312
223
281
316
19
128
63
17
52
101
233
206
141
47
275
361
99
191
20
202
149
116
4
36
81
392
114
189
54
172
151
244
112
95
87
58
343
168
347
241
311
84
93
314
207
287
183
328
65
346
399
126
305
366
293
143
178
166
348
78
374
91
296
209
380
173
390
35
135
45
290
288
217
377
174
158
306
130
369
218
124
266
8
144
378
373
57
44
376
379
201
195
384
272
393
249
43
344
38
29
278
356
262
309
251
212
341
304
59
230
300
18
11
180
162
274
260
352
297
30
119
335
125
321
56
398
367
109
211
129
66
24
46
246
259
265
258
283
358
257
26
42
303
98
250
88
267
3
198
333
50
397
73
242
349
332
323
342
375
382
70
389
299
237
1
221
255
32
268
37
215
92
69
85
115
394
228
256
154
40
5
330
280
307
254
94
219
153
222
263
355
313
185
165
175
190
53
271
276
364
76
68
104
176
150
310
34
74
200
121
357
28
0
360
235
6
214
345
138
385
113
391
86
79
118
60
383
127
286
147
41
49
177
285
139
148
181
105
192
136
9
203
55
122
187
350
83
2
269
10
396
324
395
245
204
319
370
108
359
186
213
327
169
100
61
210
292
325
90
15
137
301
340
282
336
351
188
163
111
71
295
12
140
164
25
363
106
16
194
227
334
107
239
368
155
193
252
33
97
277
294
22
315
320
77
289
182
247
326
220
21
386
23
7
62
132
337
39
67
331
89
14
123
131
159
208
80
102
184
371
171
238
298
96
229
261
72
179
243
31
110
353
197
365
270
146
170
381
145
199
231
317
291
338
329
75
362
273
152
142
284
240
354
226
205
13
