180
47
252
298
120
396
70
136
282
229
69
94
208
2
274
22
166
194
86
259
79
335
129
191
46
96
67
262
93
233
59
36
114
221
83
123
320
109
30
330
57
173
164
341
50
7
275
242
38
304
25
294
328
367
161
390
102
332
318
73
310
3
321
119
399
271
60
29
199
211
85
277
214
342
206
24
146
249
144
172
257
133
266
338
391
361
319
14
189
15
62
286
95
130
309
395
312
365
378
344
281
52
10
237
54
337
270
185
297
387
162
45
112
375
379
380
84
219
20
348
255
117
347
13
113
39
110
168
292
97
35
145
291
74
153
49
149
65
305
279
122
116
377
1
226
349
177
132
75
56
148
329
210
234
176
264
104
218
40
359
293
17
352
165
9
118
381
125
296
272
174
363
0
68
323
241
308
159
397
27
44
316
107
265
184
324
42
287
346
128
81
394
339
295
228
222
32
200
99
163
138
51
227
261
368
198
236
103
370
250
358
388
33
280
336
300
386
357
115
256
245
192
382
16
213
364
82
285
152
315
231
311
178
58
8
175
78
195
196
273
169
100
353
23
171
76
80
366
88
362
260
205
331
154
327
326
147
216
398
170
268
48
187
64
345
90
269
223
299
343
6
127
350
235
157
263
121
181
139
183
302
186
63
355
53
34
288
182
385
41
5
150
135
101
220
334
72
239
322
254
26
158
209
276
313
106
134
253
369
251
243
12
179
333
356
142
61
87
11
360
340
66
140
238
215
190
217
284
18
393
354
203
240
248
188
212
283
376
31
224
160
71
156
202
225
143
4
43
108
91
246
314
98
151
193
207
77
392
317
384
267
126
201
244
303
37
307
124
111
204
289
28
55
19
230
21
141
374
232
290
306
301
389
325
372
371
137
247
92
278
351
131
155
89
105
373
258
383
197
167
