145
343
186
392
262
6
398
138
28
48
299
165
320
199
372
240
75
308
379
125
258
20
225
315
207
185
393
280
130
68
231
149
227
244
159
89
351
77
340
202
70
126
78
190
53
168
273
117
27
368
80
345
18
371
182
331
201
147
192
309
376
115
79
12
350
135
92
210
214
73
366
172
30
142
386
146
357
304
383
242
46
394
292
81
387
205
260
297
353
0
298
217
395
370
385
152
377
203
58
277
122
322
74
178
288
183
31
111
19
39
141
236
314
283
256
2
222
4
291
144
303
3
338
62
360
325
189
133
317
279
209
323
84
234
329
332
95
35
164
129
66
173
316
228
175
114
197
367
307
93
181
69
42
169
64
25
103
44
358
375
55
215
252
41
131
344
158
176
326
247
9
72
275
328
37
82
16
294
238
269
132
251
139
180
348
38
289
24
356
267
352
211
148
71
13
155
382
61
110
156
123
91
284
389
229
50
137
108
188
300
187
220
98
361
143
83
97
109
127
29
224
121
113
243
287
365
51
179
265
259
151
161
47
311
327
388
253
57
206
100
90
94
391
285
339
216
263
86
45
153
56
302
166
369
14
15
32
154
219
174
221
67
230
212
380
384
76
213
171
313
200
160
341
8
232
223
163
52
195
88
116
264
335
112
301
255
312
245
23
274
101
54
102
226
218
128
334
43
118
167
157
124
330
33
248
373
104
362
324
346
249
396
10
268
381
1
241
282
363
286
235
5
134
177
40
194
295
250
347
336
272
237
26
65
337
136
36
354
49
333
321
119
21
290
204
378
306
120
96
349
254
261
7
270
319
296
310
246
318
271
364
397
305
276
184
85
399
59
99
34
359
191
196
374
170
281
342
140
233
257
266
193
17
87
162
60
239
355
198
390
106
107
208
105
22
278
293
11
150
63
