177
381
130
54
326
53
270
347
393
6
93
217
357
175
365
3
345
50
293
110
170
341
288
209
360
69
315
184
279
343
154
269
331
342
239
324
374
118
49
253
296
254
172
21
211
14
121
386
397
56
98
314
247
340
51
140
162
46
117
111
146
198
173
256
285
25
298
367
27
311
138
108
76
137
189
152
174
258
165
240
0
28
185
44
195
191
310
52
88
164
17
388
275
305
187
280
125
230
272
373
116
31
359
34
129
2
38
9
127
237
398
337
68
86
81
319
364
369
179
389
344
181
199
366
242
219
149
231
166
312
248
251
244
90
241
245
295
282
84
79
60
75
148
71
83
377
39
64
91
395
48
302
286
103
255
376
1
206
12
216
334
202
80
212
171
371
145
178
268
281
33
163
218
123
220
159
150
197
168
332
89
330
61
265
58
223
77
132
40
160
303
176
370
271
299
375
158
259
42
105
151
37
36
278
23
186
147
96
114
74
226
157
47
243
67
346
107
109
250
318
264
262
352
97
35
257
11
19
94
327
234
62
66
92
113
65
32
355
284
141
222
45
213
263
26
101
301
136
358
399
339
112
18
238
43
349
135
229
233
70
379
224
273
382
316
328
139
208
13
338
325
300
307
277
391
4
292
203
72
134
180
351
133
153
87
297
335
201
274
228
15
100
156
260
10
24
227
169
390
336
267
124
190
221
8
333
85
287
115
387
249
29
306
378
63
321
362
323
59
261
193
363
214
142
16
155
322
196
161
182
291
368
5
350
372
313
354
106
210
204
119
194
356
246
55
396
385
380
128
41
22
57
353
122
384
82
383
392
236
131
183
102
317
252
266
308
276
361
20
215
394
104
289
30
143
320
309
232
304
235
95
73
294
78
126
7
200
192
207
283
329
99
205
144
188
348
167
120
225
290
