356
194
178
366
56
65
361
87
286
338
12
296
348
158
323
113
389
85
288
244
351
197
399
16
365
346
1
307
52
272
285
373
162
100
380
46
332
22
78
340
177
385
268
139
184
218
69
15
207
235
42
273
386
48
337
55
49
224
339
95
119
60
328
121
133
166
210
122
221
341
172
245
259
315
324
238
114
276
252
283
387
331
141
383
129
152
24
367
13
258
398
32
163
275
28
34
137
297
274
314
251
66
57
115
254
390
54
3
271
168
378
38
217
300
205
396
345
154
188
135
292
321
303
200
106
357
325
333
290
298
17
107
278
27
342
74
388
279
344
352
264
247
108
265
14
213
47
123
347
10
167
109
39
79
67
343
236
180
287
203
270
372
187
45
153
312
101
191
376
68
173
358
21
322
304
237
255
369
82
316
193
43
110
262
313
29
50
364
318
198
80
120
229
306
26
71
381
175
33
368
186
136
330
320
126
6
35
214
31
393
225
299
92
179
248
206
374
282
159
233
375
58
41
72
156
161
204
102
98
9
196
371
145
242
305
350
112
291
319
149
222
391
377
118
63
256
395
18
359
164
349
146
261
250
97
226
150
11
5
201
215
61
362
105
363
185
171
62
317
70
293
182
280
90
53
240
301
19
360
169
125
397
249
93
212
208
284
269
40
379
30
239
77
144
7
281
151
302
294
157
199
160
131
190
195
309
370
148
246
88
143
260
103
311
86
170
353
64
140
127
73
83
138
2
382
0
117
266
263
25
241
335
392
354
155
189
192
329
174
267
59
228
219
277
130
124
289
51
96
132
142
8
23
94
327
89
44
243
231
91
116
295
326
202
81
37
104
308
75
227
355
20
111
176
128
232
165
253
84
36
76
209
211
334
99
147
223
257
394
216
220
181
134
183
230
336
234
310
384
4
