56
232
222
252
87
85
189
281
59
381
295
99
343
398
323
6
242
324
42
391
268
29
385
255
67
319
98
235
171
216
269
33
196
143
62
227
137
7
34
187
109
55
366
213
249
164
369
40
175
211
345
104
153
70
338
167
263
8
271
290
129
81
73
118
54
173
15
119
123
147
20
378
32
97
172
288
181
38
382
12
376
292
286
197
284
355
215
39
47
258
14
0
320
57
371
161
262
152
257
198
155
185
221
329
133
63
318
192
218
48
344
296
392
301
19
23
314
100
321
188
364
205
293
231
274
82
386
178
233
130
4
297
333
131
388
22
287
335
322
76
126
307
300
207
176
353
94
78
317
224
394
348
243
267
332
341
114
90
387
259
194
380
31
327
125
379
395
367
389
43
148
61
144
142
92
229
11
383
170
210
230
361
157
138
265
328
105
340
201
339
337
83
84
238
44
141
278
166
121
311
298
1
199
237
96
266
234
190
228
357
363
354
365
122
95
45
212
375
183
372
139
342
240
174
277
373
254
294
256
362
72
60
50
204
116
145
223
241
359
303
150
28
17
110
74
140
186
135
195
291
9
169
79
191
236
37
177
289
162
52
349
128
80
209
393
310
69
68
250
360
244
75
136
217
182
66
302
111
208
368
16
247
132
396
309
399
358
158
149
115
331
351
276
5
27
41
312
134
280
103
26
113
21
93
168
36
77
151
304
71
120
306
330
124
3
220
384
101
350
35
165
65
248
336
91
305
272
184
107
89
326
2
108
261
279
180
377
390
347
146
316
24
299
346
225
226
334
246
25
154
264
30
253
163
64
193
46
214
285
127
49
313
160
251
315
260
58
86
283
219
13
356
270
156
106
112
18
203
202
53
200
102
10
51
239
117
370
308
159
245
325
374
282
275
88
179
206
273
352
397
