356
30
226
203
205
124
43
47
235
105
111
167
299
90
154
314
389
378
63
337
210
383
72
95
100
310
399
225
391
280
313
276
291
193
134
102
51
353
122
2
329
34
308
288
264
277
270
237
373
307
179
120
320
42
219
282
256
385
73
106
309
255
25
48
289
81
123
16
173
141
181
392
67
311
26
257
35
214
65
157
315
21
33
137
223
330
195
395
227
127
216
295
250
376
283
98
183
143
118
396
305
190
293
285
251
128
262
75
82
132
357
8
19
261
13
68
241
188
77
151
38
369
316
265
55
44
207
49
114
57
290
107
160
252
340
94
333
319
372
31
306
186
117
164
60
53
286
142
398
220
96
17
368
178
202
231
121
46
273
187
334
97
74
136
213
170
130
322
66
101
317
335
355
364
37
304
260
300
366
113
112
14
138
71
244
54
247
234
197
91
80
89
297
230
246
352
221
109
104
342
144
58
259
139
116
194
239
232
354
258
29
254
20
248
165
198
284
166
292
191
1
177
222
204
339
215
350
6
374
382
87
168
245
7
224
41
28
39
240
0
59
362
268
196
325
377
380
332
18
176
249
61
238
15
135
228
312
394
269
294
103
93
140
236
131
148
32
217
150
62
390
50
45
184
326
229
208
162
56
338
119
397
27
192
301
76
253
78
129
370
152
363
92
3
296
175
371
69
206
172
64
159
233
158
263
83
52
110
115
387
381
321
278
211
349
303
360
359
9
331
271
209
379
40
79
242
125
163
323
11
347
84
189
85
108
200
99
212
384
328
218
302
281
341
358
266
201
287
275
351
199
36
10
267
146
348
344
24
393
365
147
174
185
126
149
133
86
298
361
345
182
243
23
343
145
324
180
153
367
375
5
346
22
388
169
272
318
88
171
155
386
4
70
327
279
12
274
161
156
336
